// Banco de dados de bônus de estatísticas específicas do trabalho
//
// Traduzido por: (Guru)
//
// Estrutura do banco de dados:
// JobID,JobLv1,JobLv2,JobLv3,...
//
// Legenda para os campos 'JobLvN':
// 0 = Sem bônus de estatísticas neste nível de trabalho
// 1 = STR aumentado em 1 neste nível de trabalho
// 2 = AGI aumentou em 1 neste nível de trabalho
// 3 = VIT aumentou em 1 neste nível de trabalho
// 4 = INT aumentado em 1 neste nível de trabalho
// 5 = DEX aumentado em 1 neste nível de trabalho
// 6 = LUK aumentou em 1 neste nível de trabalho
//
// Aprendiz
0,0,6,5,0,2,3,0,1,4,0
// Espadachim
1,0,1,0,0,0,3,0,0,0,5,0,0,0,1,0,0,0,3,0,0,0,5,0,0,0,6,0,0,0,2,0,0,1,0,0,5,0,3,0,1,0,3,0,6,0,2,1,0,1,1
// Mago
2,0,4,0,0,0,5,0,0,0,5,0,0,0,4,0,0,0,2,0,0,0,4,0,0,0,2,0,0,0,6,0,0,4,0,0,5,0,4,0,2,0,6,0,4,0,4,2,0,6,4
// Arqueiro
3,0,5,0,0,0,1,0,0,0,4,0,0,0,5,0,0,0,5,0,0,0,6,0,0,0,2,0,0,0,5,0,0,2,0,0,5,0,1,0,1,0,5,0,6,0,3,4,0,2,5
// Noviço
4,0,6,0,0,0,3,0,0,0,4,0,0,0,5,0,0,0,6,0,0,0,2,0,0,0,1,0,0,0,3,0,0,4,0,0,5,0,6,0,2,0,1,0,3,0,4,5,0,1,6
// Mercador
5,0,3,0,0,0,5,0,0,0,1,0,0,0,5,0,0,0,3,0,0,0,1,0,0,0,4,0,0,0,3,0,0,2,0,0,6,0,5,0,1,0,5,0,1,0,6,3,0,1,5
// Gatuno
6,0,2,0,0,0,1,0,0,0,5,0,0,0,3,0,0,0,4,0,0,0,5,0,0,0,6,0,0,0,1,0,0,2,0,0,2,0,1,0,6,0,5,0,3,0,6,1,0,5,2
// Cavaleiro
7,3,0,3,1,6,0,0,3,0,1,5,3,2,0,1,0,3,3,5,6,1,0,3,0,0,0,1,6,3,0,5,0,1,0,0,3,6,2,0,5,0,0,3,0,0,1,1,5,5,0
// Sacerdote
8,6,0,6,1,0,2,3,4,4,6,1,0,0,3,0,5,1,0,0,5,6,4,0,0,5,0,1,0,2,0,6,5,0,3,1,3,2,0,6,0,0,4,4,0,3,0,0,2,0,6
// Bruxo
9,4,5,0,4,5,2,0,0,4,2,0,1,5,0,6,0,0,4,0,0,0,4,0,2,0,5,0,0,4,0,4,5,4,2,0,6,0,3,5,4,2,0,2,0,4,2,2,4,0,4
// Ferreiro
10,5,0,1,5,5,0,3,1,5,0,6,5,3,0,0,1,0,0,5,3,4,0,1,0,0,5,0,5,2,0,1,3,0,4,0,5,3,2,5,5,0,0,0,1,0,6,5,0,3,0
// Caçador
11,5,0,4,5,6,1,0,5,0,1,1,2,0,5,6,0,3,0,2,2,5,0,3,0,0,0,5,0,6,0,2,0,5,4,0,0,0,5,2,0,4,6,5,1,0,4,2,0,5,0
// Assassino
12,2,2,2,4,0,3,0,3,5,0,1,0,0,4,2,2,2,2,2,2,2,0,0,5,1,0,1,0,0,5,5,1,0,0,0,0,0,4,0,5,5,4,0,0,1,5,0,1,0,5
// Cavaleiro de (Peco)
13,3,0,3,1,6,0,0,3,0,1,5,3,2,0,1,0,3,3,5,6,1,0,3,0,0,0,1,6,3,0,5,0,1,0,0,3,6,2,0,5,0,0,3,0,0,1,1,5,5,0
// Templário
14,6,6,6,6,6,0,1,0,4,0,1,3,0,5,3,0,1,0,0,4,4,3,1,0,1,0,0,5,0,2,0,1,0,5,4,2,0,4,0,3,3,0,0,4,0,3,0,1,0,3
// Monge
15,1,1,0,5,2,0,3,0,0,2,0,1,1,0,6,4,0,2,0,3,2,5,2,0,3,1,1,0,0,5,0,6,3,0,2,0,0,4,0,6,3,0,5,2,0,3,0,0,1,1
// Sábio
16,4,0,2,3,0,2,0,4,0,0,3,0,2,0,4,0,6,3,0,5,0,2,0,4,5,0,5,0,0,4,0,5,2,0,6,0,4,4,5,6,0,1,0,1,4,1,1,1,0,4
// Arruaceiro
17,2,3,5,0,1,3,2,0,3,0,5,0,0,3,3,2,0,5,0,5,0,0,2,0,1,3,1,0,2,1,0,0,5,5,0,1,0,4,2,0,0,1,4,0,2,0,4,4,0,5
// Alchemista
18,4,5,5,0,0,1,0,5,4,0,2,0,5,2,1,0,4,0,5,3,5,0,4,4,5,1,0,5,4,0,3,5,0,1,0,3,0,4,0,2,0,0,1,0,2,0,0,0,2,2
// Bardo
19,5,2,1,0,4,6,5,0,6,2,2,0,4,0,5,5,3,0,5,6,4,0,0,2,0,0,0,1,0,2,0,5,3,0,2,0,0,5,0,4,6,0,3,0,0,5,4,2,0,5
// Dançarina
20,6,2,1,0,4,5,6,0,5,2,2,0,4,0,6,5,3,0,6,5,4,0,0,2,0,0,0,1,0,2,0,6,3,0,2,0,0,6,0,4,5,0,3,0,0,6,4,2,0,6
// Templário de (Peco)
21,6,6,6,6,6,0,1,0,4,0,1,3,0,5,3,0,1,0,0,4,4,3,1,0,1,0,0,5,0,2,0,1,0,5,4,2,0,4,0,3,3,0,0,4,0,3,0,1,0,3
// 22: Wedding
// Super Aprendiz
23,1,0,2,0,3,0,4,0,5,0,6,0,1,0,2,0,3,0,4,0,5,0,6,0,1,0,2,0,3,0,4,0,5,0,6,0,1,0,2,0,3,0,4,0,5,0,6,0,1,0,0,2,0,0,0,3,0,0,0,4,0,0,0,5,0,0,0,6,0,0,0,0,0,0,0,0,0,0,0,0,0,0,0,0,0,0,0,0,0,0,0,0,0,0,0,0,0,0,0
// Justiceiro
24,5,6,0,6,0,5,0,0,0,0,5,6,0,0,0,0,5,0,0,0,6,0,0,0,5,0,0,0,0,0,6,1,0,0,5,0,0,0,0,0,1,0,0,0,5,0,0,0,0,1,6,4,0,0,5,0,0,0,2,3,4,5,6,1,0,0,0,0,0,0
// Ninja
25,2,2,0,0,0,0,0,0,0,5,2,0,0,0,0,0,0,0,0,4,2,5,0,0,0,0,0,0,4,6,2,5,0,0,0,0,0,0,0,6,2,4,5,0,0,0,0,0,0,4,2,6,5,0,0,0,0,0,1,3,2,4,5,6,0,0,0,0,0,0
// Aprendiz_T
4001,0,6,5,0,2,3,0,1,4,0
// Espadachim_T
4002,0,1,0,0,0,3,0,0,0,5,0,0,0,1,0,0,0,3,0,0,0,5,0,0,0,6,0,0,0,2,0,0,1,0,0,5,0,3,0,1,0,3,0,6,0,2,1,0,1,1
// Mago_T
4003,0,4,0,0,0,5,0,0,0,5,0,0,0,4,0,0,0,2,0,0,0,4,0,0,0,2,0,0,0,6,0,0,4,0,0,5,0,4,0,2,0,6,0,4,0,4,2,0,6,4
// Arqueiro_T
4004,0,5,0,0,0,1,0,0,0,4,0,0,0,5,0,0,0,5,0,0,0,6,0,0,0,2,0,0,0,5,0,0,2,0,0,5,0,1,0,1,0,5,0,6,0,3,4,0,2,5
// Noviço_T
4005,0,6,0,0,0,3,0,0,0,4,0,0,0,5,0,0,0,6,0,0,0,2,0,0,0,1,0,0,0,3,0,0,4,0,0,5,0,6,0,2,0,1,0,3,0,4,5,0,1,6
// Mercador_T
4006,0,3,0,0,0,5,0,0,0,1,0,0,0,5,0,0,0,3,0,0,0,1,0,0,0,4,0,0,0,3,0,0,2,0,0,6,0,5,0,1,0,5,0,1,0,6,3,0,1,5
// Gatuno_T
4007,0,2,0,0,0,1,0,0,0,5,0,0,0,3,0,0,0,4,0,0,0,5,0,0,0,6,0,0,0,1,0,0,2,0,0,2,0,1,0,6,0,5,0,3,0,6,1,0,5,2
// Lorde
4008,1,2,6,5,3,1,1,1,0,2,5,3,4,2,0,5,2,0,1,0,0,3,0,0,1,0,6,5,3,0,5,0,1,0,0,5,2,6,0,3,1,0,3,5,0,1,1,0,5,0,0,1,2,0,0,1,1,3,0,2,0,5,0,1,2,0,4,3,0,1
// Sumo Sacerdote
4009,4,0,2,3,1,0,4,2,0,0,4,1,5,0,0,5,0,0,2,4,1,3,4,4,0,5,0,5,2,3,1,0,0,4,0,0,5,1,0,6,0,2,5,0,1,5,4,0,6,3,3,0,0,0,2,5,4,3,0,1,4,5,0,0,2,4,3,2,0,4
// Arquemago
4010,4,5,3,0,4,0,0,2,5,4,0,6,0,4,0,0,5,2,4,1,0,5,5,4,0,2,0,4,3,0,5,4,0,2,0,0,4,4,4,1,6,0,5,0,0,4,3,0,4,2,0,0,3,0,4,2,6,0,4,1,5,4,0,0,2,3,5,0,2,4
// Mestre-Ferreiro
4011,5,1,1,4,0,5,2,6,3,0,0,5,3,0,4,6,1,0,2,2,0,4,5,0,0,1,0,6,3,0,2,5,1,4,0,2,0,5,6,0,5,0,0,6,6,0,5,3,0,4,0,1,0,0,5,5,0,2,0,3,4,5,0,2,3,6,6,0,0,5
// Atirador de Elite
4012,5,2,5,5,4,2,0,1,0,2,2,3,0,6,0,5,5,0,0,4,2,5,0,1,6,5,0,2,0,5,6,3,2,0,5,6,0,2,0,5,0,4,2,0,1,5,0,2,0,6,5,0,0,4,3,0,6,2,0,5,1,6,0,0,4,0,0,0,5,6
// Algoz
4013,2,1,6,2,2,0,1,6,3,5,0,1,0,0,2,6,0,6,0,2,1,0,5,2,2,6,0,0,1,0,2,2,2,6,0,0,5,1,5,0,0,2,5,0,0,2,3,6,0,1,2,0,5,1,0,2,5,0,0,0,5,2,0,5,6,1,0,0,3,5
// Lorde de (Peco)
4014,1,2,6,5,3,1,1,1,0,2,5,3,4,2,0,5,2,0,1,0,0,3,0,0,1,0,6,5,3,0,5,0,1,0,0,5,2,6,0,3,1,0,3,5,0,1,1,0,5,0,0,1,2,0,0,1,1,3,0,2,0,5,0,1,2,0,4,3,0,1
// Paladino
4015,3,1,2,0,0,5,4,2,3,1,0,5,0,4,3,2,5,1,0,0,3,0,5,2,0,1,0,0,4,3,0,0,1,0,0,5,2,0,6,1,0,3,4,0,5,0,0,1,3,0,0,2,3,4,1,0,5,0,6,2,4,0,3,1,4,0,6,5,3,2
// Mestre
4016,1,4,3,2,0,5,0,0,1,0,4,2,6,0,3,5,1,0,0,2,2,5,0,3,0,0,1,0,2,5,0,0,4,6,0,0,1,5,3,0,0,3,0,5,2,6,4,1,0,5,0,2,5,0,0,4,0,3,1,5,0,2,0,4,1,1,5,3,4,2
// Professor
4017,4,4,2,0,1,0,3,5,0,0,4,2,0,4,0,5,0,1,0,5,6,4,2,3,0,5,1,0,5,4,0,2,0,5,0,1,5,4,3,0,4,0,2,0,1,5,0,0,4,2,0,5,0,2,5,1,4,0,0,2,0,5,3,4,0,6,0,4,2,4
// Desordeiro
4018,1,2,0,6,4,3,0,0,2,5,1,2,0,0,3,5,5,0,0,6,2,1,0,6,0,5,2,0,5,0,6,1,0,2,0,0,5,5,0,0,2,3,1,4,2,0,1,0,5,6,0,5,1,0,0,5,4,2,6,5,0,1,3,2,0,5,1,0,0,2
// Criador
4019,5,0,6,0,2,1,4,6,3,5,0,0,4,0,5,0,0,2,0,6,0,4,5,0,6,0,2,0,0,4,1,0,3,6,5,0,0,2,0,0,5,5,5,0,6,4,5,0,5,0,6,6,1,2,0,5,5,0,4,6,3,0,5,6,0,1,2,4,6,5
// Menestrel
4020,2,5,0,2,1,0,5,4,2,1,6,0,2,0,5,3,0,6,1,0,4,0,5,2,0,6,0,4,0,5,0,2,1,0,0,2,0,0,5,5,4,0,5,0,1,0,6,0,2,5,0,0,2,1,0,5,5,2,3,0,5,1,5,0,2,5,0,2,4,1
// Gypsy
4021,5,1,0,2,0,1,0,4,5,0,2,2,2,5,5,0,3,5,0,1,0,5,5,0,2,4,6,5,0,0,2,0,5,0,1,0,0,2,4,0,5,0,5,0,5,0,2,0,5,1,0,2,4,3,0,0,2,5,0,4,2,2,6,0,5,1,2,0,5,2
// Paladino de (Peco)
4022,3,1,2,0,0,5,4,2,3,1,0,5,0,4,3,2,5,1,0,0,3,0,5,2,0,1,0,0,4,3,0,0,1,0,0,5,2,0,6,1,0,3,4,0,5,0,0,1,3,0,0,2,3,4,1,0,5,0,6,2,4,0,3,1,4,0,6,5,3,2
// Baby Novice
4023,0,0,0,0,0,0,0,0,0,0
// Baby Swordman
4024,0,1,0,0,0,3,0,0,0,5,0,0,0,1,0,0,0,3,0,0,0,5,0,0,0,6,0,0,0,2,0,0,1,0,0,5,0,3,0,1,0,3,0,6,0,2,1,0,1,1
// Baby Magician
4025,0,4,0,0,0,5,0,0,0,5,0,0,0,4,0,0,0,2,0,0,0,4,0,0,0,2,0,0,0,6,0,0,4,0,0,5,0,4,0,2,0,6,0,4,0,4,2,0,6,4
// Baby Archer
4026,0,5,0,0,0,1,0,0,0,4,0,0,0,5,0,0,0,5,0,0,0,6,0,0,0,2,0,0,0,5,0,0,2,0,0,5,0,1,0,1,0,5,0,6,0,3,4,0,2,5
// Baby Acolyte
4027,0,6,0,0,0,3,0,0,0,4,0,0,0,5,0,0,0,6,0,0,0,2,0,0,0,1,0,0,0,3,0,0,4,0,0,5,0,6,0,2,0,1,0,3,0,4,5,0,1,6
// Baby Merchant
4028,0,3,0,0,0,5,0,0,0,1,0,0,0,5,0,0,0,3,0,0,0,1,0,0,0,4,0,0,0,3,0,0,0,0,0,6,0,5,0,1,2,5,0,1,0,6,3,0,1,5
// Baby Thief
4029,0,2,0,0,0,1,0,0,0,5,0,0,0,3,0,0,0,4,0,0,0,5,0,0,0,6,0,0,0,1,0,0,2,0,0,1,0,2,0,6,0,5,0,3,0,6,1,0,5,2
// Baby Knight
4030,3,0,3,1,6,0,0,3,0,1,5,3,2,0,1,0,3,3,5,6,1,0,3,0,0,0,1,6,3,0,5,0,1,0,0,3,6,2,0,5,0,0,3,0,0,1,1,5,5,0
// Baby Priest
4031,6,0,6,1,0,2,3,4,4,6,1,0,0,3,5,0,1,0,0,5,6,4,0,0,5,0,1,0,2,0,6,5,0,3,1,3,2,0,6,0,0,4,4,0,3,0,0,2,0,6
// Baby Wizard
4032,4,5,0,4,5,2,0,0,4,2,0,1,5,0,6,0,0,4,0,0,0,4,0,2,0,5,0,0,4,0,4,5,4,2,0,6,0,3,5,4,2,0,2,0,4,2,2,4,0,4
// Baby Blacksmith
4033,5,0,1,5,5,0,3,1,0,5,6,5,3,0,0,1,0,0,5,3,4,0,1,0,0,5,0,5,2,0,1,3,0,4,0,5,3,2,5,5,0,0,0,1,0,6,5,0,3,0
// Baby Hunter
4034,5,0,4,5,1,0,6,5,0,1,1,2,0,5,6,0,3,0,2,2,5,3,0,0,0,0,5,0,6,0,2,0,5,4,0,0,0,5,2,0,4,6,5,1,0,4,2,0,5,0
// Baby Assassin
4035,2,2,2,4,0,3,0,3,5,0,1,0,0,4,2,2,2,2,2,2,2,0,0,5,1,0,1,0,0,5,5,1,0,0,0,0,0,4,0,5,5,4,0,0,1,5,0,1,0,5
// Baby Knight (Peco)
4036,3,0,3,1,6,0,0,3,0,1,5,3,2,0,1,0,3,3,5,6,1,0,3,0,0,0,1,6,3,0,5,0,1,0,0,3,6,2,0,5,0,0,3,0,0,1,1,5,5,0
// Baby Crusader
4037,6,6,6,6,6,0,1,0,4,0,1,3,0,5,3,0,1,0,0,4,4,3,1,0,1,0,0,5,0,2,0,1,0,5,4,2,0,4,0,3,3,0,0,4,0,3,0,1,0,3
// Baby Monk
4038,1,1,0,5,2,0,3,0,0,2,0,1,1,0,6,4,0,2,0,3,2,5,2,0,3,1,1,0,0,5,0,6,3,0,2,0,0,4,0,6,3,0,5,2,0,3,0,0,1,1
// Baby Sage
4039,4,0,2,3,0,2,0,4,0,0,3,0,2,0,4,0,6,3,0,5,0,2,0,4,5,0,5,0,0,4,0,5,2,0,6,0,4,4,5,6,0,1,0,1,4,1,1,1,0,4
// Baby Rogue
4040,2,3,5,0,1,3,2,0,3,0,5,0,0,3,3,2,0,5,0,5,0,0,2,0,1,3,1,0,2,1,0,0,5,5,0,1,0,4,2,0,0,1,4,0,2,0,4,4,0,5
// Baby Alchemist
4041,4,5,5,0,0,1,0,5,4,0,2,0,5,2,1,0,4,0,5,3,5,0,4,4,5,1,0,5,4,0,3,5,0,1,0,3,0,4,0,2,0,0,1,0,2,0,0,0,2,2
// Baby Bard
4042,5,2,1,0,4,6,5,0,6,2,2,0,4,0,5,5,3,0,5,6,4,0,0,2,0,0,0,1,0,2,0,5,3,0,2,0,0,5,0,4,6,0,3,0,0,5,4,2,0,5
// Baby Dancer
4043,6,2,1,0,4,5,6,0,5,2,2,0,4,0,6,5,3,0,6,5,4,0,0,2,0,0,0,1,0,2,0,6,3,0,2,0,0,6,0,4,5,0,3,0,0,6,4,2,0,6
// Baby Crusader (Peco)
4044,6,6,6,6,6,0,1,0,4,0,1,3,0,5,3,0,1,0,0,4,4,3,1,0,1,0,0,5,0,2,0,1,0,5,0,2,0,4,0,3,3,0,0,4,0,3,0,1,0,3
// Baby Super Novice
4045,1,0,2,0,3,0,4,0,5,0,6,0,1,0,2,0,3,0,4,0,5,0,6,0,1,0,2,0,3,0,4,0,5,0,6,0,1,0,2,0,3,0,4,0,5,0,6,0,1,0,0,2,0,0,0,3,0,0,0,4,0,0,0,5,0,0,0,6,0,0,0,0,0,0,0,0,0,0,0,0,0,0,0,0,0,0,0,0,0,0,0,0,0,0,0,0,0,0,0
// Taekwon
4046,1,1,1,1,1,1,0,0,0,5,5,5,5,5,5,0,0,0,0,2,2,2,2,2,2,0,0,0,0,0,0,0,0,0,0,0,0,0,0,0,0,0,0,0,0,0,0,0,0,0
// Star Gladiator
4047,1,1,1,1,1,1,1,1,1,1,1,1,0,0,0,0,0,0,0,5,5,5,5,5,5,0,0,0,0,0,0,0,0,0,0,0,0,0,2,2,2,2,2,2,2,2,2,2,2,2
// Star Gladiator (Union)
4048,1,1,1,1,1,1,1,1,1,1,1,1,0,0,0,0,0,0,0,5,5,5,5,5,5,0,0,0,0,0,0,0,0,0,0,0,0,0,2,2,2,2,2,2,2,2,2,2,2,2
// Soul Linker
4049,4,4,4,4,4,4,4,4,4,4,4,4,0,0,0,0,0,0,0,3,3,3,3,3,3,0,0,0,0,0,0,0,0,0,0,0,0,0,5,5,5,5,5,5,5,5,5,5,5,5
//================================
// 3CeAM r664 Base
//
// Nota: Todos os trabalhos de 3ª classe e outros trabalhos abaixo vão até o nível de trabalho 50. Além disso, os níveis de trabalho da árvore de trabalho Gangsi
// será definida da mesma forma que a árvore de tarefas do Taekwon até que possamos obter algumas informações oficiais. (Rytech)
//
// Nota 2: Gangsi está usando configurações de Acolyte, Death Knight usando configurações de Knight e Dark Collector
// está usando as configurações do Sage. É principalmente assim para esses 3 empregos por causa do sprite temporário que mostra quando
// alterando para seus IDs de trabalho.
//
// Gangsi (Bongun/Munak)
4050,1,1,1,0,0,0,2,2,2,0,0,0,5,5,5,0,0,0,4,4,4,0,0,0,3,3,3,0,0,0,6,6,6,0,0,0,0,0,0,0,0,0,0,0,0,0,0,0,0,0
// Death Knight
4051,2,2,2,2,2,0,0,0,5,5,5,5,5,0,0,0,6,6,6,6,6,0,0,0,0,4,4,4,4,4,0,0,0,0,0,3,3,3,3,3,0,0,0,0,0,1,1,1,1,1
// Dark Collector
4052,5,5,5,5,5,0,0,0,2,2,2,2,2,0,0,0,1,1,1,1,1,0,0,0,0,6,6,6,6,6,0,0,0,0,0,3,3,3,3,3,0,0,0,0,0,4,4,4,4,4
// Rune Knight (Regular)
4054,4,4,5,3,4,0,0,0,0,1,1,4,4,3,5,0,0,0,5,2,2,4,3,5,0,0,0,0,0,4,5,3,1,0,0,0,0,0,4,5,2,0,0,5,3,4,6,6,6,4,1,0,2,0,5,0,6,0,3,1
// Warlock (Regular)
4055,4,4,5,0,0,5,4,2,0,0,0,4,5,0,3,0,0,3,5,2,0,0,4,3,3,0,0,5,2,0,6,0,0,1,4,4,0,0,5,2,4,0,0,4,4,0,2,0,0,4,5,3,6,2,4,0,3,2,5,4
// Ranger (Regular)
4056,5,4,4,2,0,0,2,5,4,0,0,3,3,3,0,0,5,2,0,0,4,3,5,0,0,1,1,0,0,5,2,3,0,0,0,4,4,4,2,0,0,0,2,5,2,0,0,0,4,2,6,5,0,4,2,0,3,6,5,2
// Arch Bishop (Regular)
4057,4,0,3,0,5,0,4,4,0,3,3,0,0,5,5,0,0,1,1,0,0,4,0,1,0,2,2,1,0,0,0,4,0,3,0,5,0,2,2,4,4,0,0,5,3,1,0,0,4,5,6,2,3,1,4,0,3,6,5,4
// Mechanic (Regular)
4058,6,1,0,0,1,0,6,2,5,4,0,0,4,6,0,0,2,0,3,3,4,5,0,0,3,6,0,0,3,0,1,1,3,6,0,0,4,4,0,0,0,3,3,1,1,0,0,5,2,0,6,1,5,0,4,3,2,0,5,1
// Guillotine Cross (Regular)
4059,2,5,0,1,1,0,0,0,1,2,5,0,0,3,3,1,0,0,3,1,0,0,2,2,5,0,0,4,4,1,3,0,0,0,2,5,5,0,0,0,4,3,2,2,0,0,0,4,5,5,6,1,2,3,0,4,0,1,6,2
// Rune Knight (Trans)
4060,4,4,5,3,4,0,0,0,0,1,1,4,4,3,5,0,0,0,5,2,2,4,3,5,0,0,0,0,0,4,5,3,1,0,0,0,0,0,4,5,2,0,0,5,3,4,6,6,6,4,1,0,2,0,5,0,6,0,3,1
// Warlock (Trans)
4061,4,4,5,0,0,5,4,2,0,0,0,4,5,0,3,0,0,3,5,2,0,0,4,3,3,0,0,5,2,0,6,0,0,1,4,4,0,0,5,2,4,0,0,4,4,0,2,0,0,4,5,3,6,2,4,0,3,2,5,4
// Ranger (Trans)
4062,5,4,4,2,0,0,2,5,4,0,0,3,3,3,0,0,5,2,0,0,4,3,5,0,0,1,1,0,0,5,2,3,0,0,0,4,4,4,2,0,0,0,2,5,2,0,0,0,4,2,6,5,0,4,2,0,3,6,5,2
// Arch Bishop (Trans)
4063,4,0,3,0,5,0,4,4,0,3,3,0,0,5,5,0,0,1,1,0,0,4,0,1,0,2,2,1,0,0,0,4,0,3,0,5,0,2,2,4,4,0,0,5,3,1,0,0,4,5,6,2,3,1,4,0,3,6,5,4
// Mechanic (Trans)
4064,6,1,0,0,1,0,6,2,5,4,0,0,4,6,0,0,2,0,3,3,4,5,0,0,3,6,0,0,3,0,1,1,3,6,0,0,4,4,0,0,0,3,3,1,1,0,0,5,2,0,6,1,5,0,4,3,2,0,5,1
// Guillotine Cross (Trans)
4065,2,5,0,1,1,0,0,0,1,2,5,0,0,3,3,1,0,0,3,1,0,0,2,2,5,0,0,4,4,1,3,0,0,0,2,5,5,0,0,0,4,3,2,2,0,0,0,4,5,5,6,1,2,3,0,4,0,1,6,2
// Royal Guard (Regular)
4066,0,3,4,1,4,5,0,0,3,0,4,0,1,5,0,6,0,0,4,5,0,0,2,4,0,4,3,0,0,1,5,0,6,2,0,0,4,4,0,1,3,3,0,5,1,4,0,1,5,0,2,0,3,6,0,5,0,1,3,4
// Sorcerer (Regular)
4067,4,4,5,3,4,0,0,0,0,1,1,4,4,3,5,0,0,0,5,2,2,4,3,5,0,0,0,0,0,4,5,3,1,0,0,0,0,0,4,5,2,0,0,5,3,4,6,6,6,4,5,0,1,0,2,0,3,0,5,4
// Minstrel (Regular)
4068,4,0,3,0,5,0,4,4,0,3,3,0,0,5,5,0,0,1,1,0,0,4,0,1,0,2,2,1,0,0,0,4,0,3,0,5,0,2,2,4,4,0,0,5,3,1,0,0,4,5,2,3,1,6,0,5,3,1,4,5
// Wanderer (Regular)
4069,5,4,4,2,0,0,2,5,4,0,0,3,3,3,0,0,5,2,0,0,4,3,5,0,0,1,1,0,0,5,2,3,0,0,0,4,4,4,2,0,0,0,2,5,2,0,0,0,4,2,1,3,5,0,6,4,0,3,2,5
// Sura (Regular)
4070,2,5,0,1,1,0,0,0,1,2,5,0,0,3,3,1,0,0,3,1,0,0,2,2,5,0,0,4,4,1,3,0,0,0,2,5,5,0,0,0,4,3,2,2,0,0,0,4,5,5,1,0,2,4,6,3,0,5,1,4
// Genetic (Regular)
4071,4,4,5,0,0,5,4,2,0,0,0,4,5,0,3,0,0,3,5,2,0,0,4,3,3,0,0,5,2,0,6,0,0,1,4,4,0,0,5,2,4,0,0,4,4,0,2,0,0,4,1,3,5,0,2,1,3,6,5,4
// Shadow Chaser (Regular)
4072,6,1,0,0,1,0,6,2,5,4,0,0,4,6,0,0,2,0,3,3,4,5,0,0,3,6,0,0,3,0,1,1,3,6,0,0,4,4,0,0,0,3,3,1,1,0,0,5,2,0,4,3,1,2,0,6,5,0,1,2
// Royal Guard (Trans)
4073,0,3,4,1,4,5,0,0,3,0,4,0,1,5,0,6,0,0,4,5,0,0,2,4,0,4,3,0,0,1,5,0,6,2,0,0,4,4,0,1,3,3,0,5,1,4,0,1,5,0,2,0,3,6,0,5,0,1,3,4
// Sorcerer (Trans)
4074,4,4,5,3,4,0,0,0,0,1,1,4,4,3,5,0,0,0,5,2,2,4,3,5,0,0,0,0,0,4,5,3,1,0,0,0,0,0,4,5,2,0,0,5,3,4,6,6,6,4,5,0,1,0,2,0,3,0,5,4
// Minstrel (Trans)
4075,4,0,3,0,5,0,4,4,0,3,3,0,0,5,5,0,0,1,1,0,0,4,0,1,0,2,2,1,0,0,0,4,0,3,0,5,0,2,2,4,4,0,0,5,3,1,0,0,4,5,2,3,1,6,0,5,3,1,4,5
// Wanderer (Trans)
4076,5,4,4,2,0,0,2,5,4,0,0,3,3,3,0,0,5,2,0,0,4,3,5,0,0,1,1,0,0,5,2,3,0,0,0,4,4,4,2,0,0,0,2,5,2,0,0,0,4,2,1,3,5,0,6,4,0,3,2,5
// Sura (Trans)
4077,2,5,0,1,1,0,0,0,1,2,5,0,0,3,3,1,0,0,3,1,0,0,2,2,5,0,0,4,4,1,3,0,0,0,2,5,5,0,0,0,4,3,2,2,0,0,0,4,5,5,1,0,2,4,6,3,0,5,1,4
// Genetic (Trans)
4078,4,4,5,0,0,5,4,2,0,0,0,4,5,0,3,0,0,3,5,2,0,0,4,3,3,0,0,5,2,0,6,0,0,1,4,4,0,0,5,2,4,0,0,4,4,0,2,0,0,4,1,3,5,0,2,1,3,6,5,4
// Shadow Chaser (Trans)
4079,6,1,0,0,1,0,6,2,5,4,0,0,4,6,0,0,2,0,3,3,4,5,0,0,3,6,0,0,3,0,1,1,3,6,0,0,4,4,0,0,0,3,3,1,1,0,0,5,2,0,4,3,1,2,0,6,5,0,1,2
// Rune Knight (Dragon) (Regular)
4080,4,4,5,3,4,0,0,0,0,1,1,4,4,3,5,0,0,0,5,2,2,4,3,5,0,0,0,0,0,4,5,3,1,0,0,0,0,0,4,5,2,0,0,5,3,4,6,6,6,4,1,0,2,0,5,0,6,0,3,1
// Rune Knight (Dragon) (Trans)
4081,4,4,5,3,4,0,0,0,0,1,1,4,4,3,5,0,0,0,5,2,2,4,3,5,0,0,0,0,0,4,5,3,1,0,0,0,0,0,4,5,2,0,0,5,3,4,6,6,6,4,1,0,2,0,5,0,6,0,3,1
// Royal Guard (Gryphon) (Regular)
4082,0,3,4,1,4,5,0,0,3,0,4,0,1,5,0,6,0,0,4,5,0,0,2,4,0,4,3,0,0,1,5,0,6,2,0,0,4,4,0,1,3,3,0,5,1,4,0,1,5,0,2,0,3,6,0,5,0,1,3,4
// Royal Guard (Gryphon) (Trans)
4083,0,3,4,1,4,5,0,0,3,0,4,0,1,5,0,6,0,0,4,5,0,0,2,4,0,4,3,0,0,1,5,0,6,2,0,0,4,4,0,1,3,3,0,5,1,4,0,1,5,0,2,0,3,6,0,5,0,1,3,4
// Ranger (Warg) (Regular)
4084,5,4,4,2,0,0,2,5,4,0,0,3,3,3,0,0,5,2,0,0,4,3,5,0,0,1,1,0,0,5,2,3,0,0,0,4,4,4,2,0,0,0,2,5,2,0,0,0,4,2,6,5,0,4,2,0,3,6,5,2
// Ranger (Warg) (Trans)
4085,5,4,4,2,0,0,2,5,4,0,0,3,3,3,0,0,5,2,0,0,4,3,5,0,0,1,1,0,0,5,2,3,0,0,0,4,4,4,2,0,0,0,2,5,2,0,0,0,4,2,6,5,0,4,2,0,3,6,5,2
// Mechanic (Mado) (Regular)
4086,6,1,0,0,1,0,6,2,5,4,0,0,4,6,0,0,2,0,3,3,4,5,0,0,3,6,0,0,3,0,1,1,3,6,0,0,4,4,0,0,0,3,3,1,1,0,0,5,2,0,6,1,5,0,4,3,2,0,5,1
// Mechanic (Mado) (Trans)
4087,6,1,0,0,1,0,6,2,5,4,0,0,4,6,0,0,2,0,3,3,4,5,0,0,3,6,0,0,3,0,1,1,3,6,0,0,4,4,0,0,0,3,3,1,1,0,0,5,2,0,6,1,5,0,4,3,2,0,5,1
// Baby Rune Knight
4096,4,4,5,3,4,0,0,0,0,1,1,4,4,3,5,0,0,0,5,2,2,4,3,5,0,0,0,0,0,4,5,3,1,0,0,0,0,0,4,5,2,0,0,5,3,4,6,6,6,4,1,0,2,0,5,0,6,0,3,1
// Baby Warlock
4097,4,4,5,0,0,5,4,2,0,0,0,4,5,0,3,0,0,3,5,2,0,0,4,3,3,0,0,5,2,0,6,0,0,1,4,4,0,0,5,2,4,0,0,4,4,0,2,0,0,4,5,3,6,2,4,0,3,2,5,4
// Baby Ranger
4098,5,4,4,2,0,0,2,5,4,0,0,3,3,3,0,0,5,2,0,0,4,3,5,0,0,1,1,0,0,5,2,3,0,0,0,4,4,4,2,0,0,0,2,5,2,0,0,0,4,2,6,5,0,4,2,0,3,6,5,2
// Baby Arch Bishop
4099,4,0,3,0,5,0,4,4,0,3,3,0,0,5,5,0,0,1,1,0,0,4,0,1,0,2,2,1,0,0,0,4,0,3,0,5,0,2,2,4,4,0,0,5,3,1,0,0,4,5,6,2,3,1,4,0,3,6,5,4
// Baby Mechanic
4100,6,1,0,0,1,0,6,2,5,4,0,0,4,6,0,0,2,0,3,3,4,5,0,0,3,6,0,0,3,0,1,1,3,6,0,0,4,4,0,0,0,3,3,1,1,0,0,5,2,0,6,1,5,0,4,3,2,0,5,1
// Baby Guillotine Cross
4101,2,5,0,1,1,0,0,0,1,2,5,0,0,3,3,1,0,0,3,1,0,0,2,2,5,0,0,4,4,1,3,0,0,0,2,5,5,0,0,0,4,3,2,2,0,0,0,4,5,5,6,1,2,3,0,4,0,1,6,2
// Baby Royal Guard
4102,0,3,4,1,4,5,0,0,3,0,4,0,1,5,0,6,0,0,4,5,0,0,2,4,0,4,3,0,0,1,5,0,6,2,0,0,4,4,0,1,3,3,0,5,1,4,0,1,5,0,2,0,3,6,0,5,0,1,3,4
// Baby Sorcerer
4103,4,4,5,3,4,0,0,0,0,1,1,4,4,3,5,0,0,0,5,2,2,4,3,5,0,0,0,0,0,4,5,3,1,0,0,0,0,0,4,5,2,0,0,5,3,4,6,6,6,4,5,0,1,0,2,0,3,0,5,4
// Baby Minstrel
4104,4,0,3,0,5,0,4,4,0,3,3,0,0,5,5,0,0,1,1,0,0,4,0,1,0,2,2,1,0,0,0,4,0,3,0,5,0,2,2,4,4,0,0,5,3,1,0,0,4,5,2,3,1,6,0,5,3,1,4,5
// Baby Wanderer
4105,5,4,4,2,0,0,2,5,4,0,0,3,3,3,0,0,5,2,0,0,4,3,5,0,0,1,1,0,0,5,2,3,0,0,0,4,4,4,2,0,0,0,2,5,2,0,0,0,4,2,1,3,5,0,6,4,0,3,2,5
// Baby Sura
4106,2,5,0,1,1,0,0,0,1,2,5,0,0,3,3,1,0,0,3,1,0,0,2,2,5,0,0,4,4,1,3,0,0,0,2,5,5,0,0,0,4,3,2,2,0,0,0,4,5,5,1,0,2,4,6,3,0,5,1,4
// Baby Genetic
4107,4,4,5,0,0,5,4,2,0,0,0,4,5,0,3,0,0,3,5,2,0,0,4,3,3,0,0,5,2,0,6,0,0,1,4,4,0,0,5,2,4,0,0,4,4,0,2,0,0,4,1,3,5,0,2,1,3,6,5,4
// Baby Shadow Chaser
4108,6,1,0,0,1,0,6,2,5,4,0,0,4,6,0,0,2,0,3,3,4,5,0,0,3,6,0,0,3,0,1,1,3,6,0,0,4,4,0,0,0,3,3,1,1,0,0,5,2,0,4,3,1,2,0,6,5,0,1,2
// Baby Rune Knight (Dragon)
4109,4,4,5,3,4,0,0,0,0,1,1,4,4,3,5,0,0,0,5,2,2,4,3,5,0,0,0,0,0,4,5,3,1,0,0,0,0,0,4,5,2,0,0,5,3,4,6,6,6,4,1,0,2,0,5,0,6,0,3,1
// Baby Royal Guard (Gryphon)
4110,0,3,4,1,4,5,0,0,3,0,4,0,1,5,0,6,0,0,4,5,0,0,2,4,0,4,3,0,0,1,5,0,6,2,0,0,4,4,0,1,3,3,0,5,1,4,0,1,5,0,2,0,3,6,0,5,0,1,3,4
// Baby Ranger (Warg)
4111,5,4,4,2,0,0,2,5,4,0,0,3,3,3,0,0,5,2,0,0,4,3,5,0,0,1,1,0,0,5,2,3,0,0,0,4,4,4,2,0,0,0,2,5,2,0,0,0,4,2,6,5,0,4,2,0,3,6,5,2
// Baby Mechanic (Mado)
4112,6,1,0,0,1,0,6,2,5,4,0,0,4,6,0,0,2,0,3,3,4,5,0,0,3,6,0,0,3,0,1,1,3,6,0,0,4,4,0,0,0,3,3,1,1,0,0,5,2,0,6,1,5,0,4,3,2,0,5,1
// Super Novice (Expanded)
4190,1,2,0,3,0,4,5,0,6,0,1,2,0,3,0,4,5,0,6,0,1,2,0,3,0,4,5,0,6,0,1,2,0,3,0,4,5,0,6,0,1,2,0,3,0,4,5,0,6,0,1,2,0,3,0,4,5,0,6,0,1,2,4,5,0
// Super Baby (Expanded)
4191,1,2,0,3,0,4,5,0,6,0,1,2,0,3,0,4,5,0,6,0,1,2,0,3,0,4,5,0,6,0,1,2,0,3,0,4,5,0,6,0,1,2,0,3,0,4,5,0,6,0,1,2,0,3,0,4,5,0,6,0,1,2,4,5,0
// Kagerou
4211,5,0,4,0,2,3,0,1,6,0,5,1,2,0,4,6,3,0,1,5,2,0,6,3,4,0,5,0,2,0,1,4,0,5,4,0,3,5,1,0,2,4,1,0,5,6,2,1,0,5
// Oboro
4212,5,0,4,0,2,3,0,1,6,0,5,1,2,0,4,6,3,0,1,5,2,0,6,3,4,0,5,0,2,0,1,4,0,5,4,0,3,5,1,0,2,4,1,0,5,6,2,1,0,5
// Rebellion
4215,0,5,0,4,0,3,5,4,2,6,0,0,3,4,0,2,5,4,3,6,0,0,3,5,1,4,2,0,0,6,3,0,5,4,1,0,0,5,0,2,6,0,5,3,4,0,0,0,0,1
// Summoner
4218,5,0,3,0,5,3,0,2,4,0,2,4,5,0,2,4,5,0,2,4,5,0,6,3,5,0,2,0,6,0,4,5,0,6,0,4,6,0,2,0,5,4,3,0,5,6,3,2,0,5
// Baby Summoner
4220,5,0,3,0,5,3,0,2,4,0,2,4,5,0,2,4,5,0,2,4,5,0,6,3,5,0,2,0,6,0,4,5,0,6,0,4,6,0,2,0,5,4,3,0,5,6,3,2,0,5
// Baby Ninja
4222,2,2,0,0,0,0,0,0,0,5,2,0,0,0,0,0,0,0,0,4,2,5,0,0,0,0,0,0,4,6,2,5,0,0,0,0,0,0,0,6,2,4,5,0,0,0,0,0,0,4,2,6,5,0,0,0,0,0,1,3,2,4,5,6,0,0,0,0,0,0
// Baby Kagerou
4223,5,0,4,0,2,3,0,1,6,0,5,1,2,0,4,6,3,0,1,5,2,0,6,3,4,0,5,0,2,0,1,4,0,5,4,0,3,5,1,0,2,4,1,0,5,6,2,1,0,5
// Baby Oboro
4224,5,0,4,0,2,3,0,1,6,0,5,1,2,0,4,6,3,0,1,5,2,0,6,3,4,0,5,0,2,0,1,4,0,5,4,0,3,5,1,0,2,4,1,0,5,6,2,1,0,5
// Baby Taekwon
4225,1,1,1,1,1,1,0,0,0,5,5,5,5,5,5,0,0,0,0,2,2,2,2,2,2,0,0,0,0,0,0,0,0,0,0,0,0,0,0,0,0,0,0,0,0,0,0,0,0,0
// Baby Star Gladiator
4226,1,1,1,1,1,1,1,1,1,1,1,1,0,0,0,0,0,0,0,5,5,5,5,5,5,0,0,0,0,0,0,0,0,0,0,0,0,0,2,2,2,2,2,2,2,2,2,2,2,2
// Baby Soul Linker
4227,4,4,4,4,4,4,4,4,4,4,4,4,0,0,0,0,0,0,0,3,3,3,3,3,3,0,0,0,0,0,0,0,0,0,0,0,0,0,5,5,5,5,5,5,5,5,5,5,5,5
// Baby Gunslinger
4228,5,6,0,6,0,5,0,0,0,0,5,6,0,0,0,0,5,0,0,0,6,0,0,0,5,0,0,0,0,0,6,1,0,0,5,0,0,0,0,0,1,0,0,0,5,0,0,0,0,1,6,4,0,0,5,0,0,0,2,3,4,5,6,1,0,0,0,0,0,0
// Baby Rebellion
4229,0,5,0,4,0,3,5,4,2,6,0,0,3,4,0,2,5,4,3,6,0,0,3,5,1,4,2,0,0,6,3,0,5,4,1,0,0,5,0,2,6,0,5,3,4,0,0,0,0,1
// Baby Star Gladiator (Union)
4238,1,1,1,1,1,1,1,1,1,1,1,1,0,0,0,0,0,0,0,5,5,5,5,5,5,0,0,0,0,0,0,0,0,0,0,0,0,0,2,2,2,2,2,2,2,2,2,2,2,2
//================================
// Star Emperor
4239,1,5,0,0,2,0,4,1,6,0,5,1,2,0,4,6,3,0,1,5,2,0,1,3,4,0,5,0,2,5,1,0,0,5,2,6,3,5,1,0,2,3,1,0,5,0,2,1,0,5,0,0,0,0,0,1,0,0,2,0
// Soul Reaper
4240,4,5,0,0,4,3,5,0,0,0,5,4,2,0,5,4,3,0,1,5,2,0,0,3,4,5,0,1,2,5,4,0,0,5,2,0,3,5,4,0,2,3,1,4,5,0,2,0,4,5,0,2,0,4,0,0,0,0,4,0
// Baby Star Emperor
4241,1,5,0,0,2,0,4,1,6,0,5,1,2,0,4,6,3,0,1,5,2,0,1,3,4,0,5,0,2,5,1,0,0,5,2,6,3,5,1,0,2,3,1,0,5,0,2,1,0,5,0,0,0,0,0,1,0,0,2,0
// Baby Soul Reaper
4242,4,5,0,0,4,3,5,0,0,0,5,4,2,0,5,4,3,0,1,5,2,0,0,3,4,5,0,1,2,5,4,0,0,5,2,0,3,5,4,0,2,3,1,4,5,0,2,0,4,5,0,2,0,4,0,0,0,0,4,0
// Star Emperor (Union)
4243,1,5,0,0,2,0,4,1,6,0,5,1,2,0,4,6,3,0,1,5,2,0,1,3,4,0,5,0,2,5,1,0,0,5,2,6,3,5,1,0,2,3,1,0,5,0,2,1,0,5,0,0,0,0,0,1,0,0,2,0
// Baby Star Emperor (Union)
4244,1,5,0,0,2,0,4,1,6,0,5,1,2,0,4,6,3,0,1,5,2,0,1,3,4,0,5,0,2,5,1,0,0,5,2,6,3,5,1,0,2,3,1,0,5,0,2,1,0,5,0,0,0,0,0,1,0,0,2,0
